[[[  0  85 212]
  [  0  82 209]
  [  0  79 205]
  ...
  [  0  30 139]
  [  0  37 145]
  [  0  36 144]]

 [[  0  84 212]
  [  0  87 214]
  [  0  74 199]
  ...
  [  0  31 143]
  [  0  36 147]
  [  2  41 151]]

 [[  0  87 218]
  [  0  87 217]
  [  0  73 204]
  ...
  [  0  31 144]
  [  3  34 147]
  [  0  29 143]]

 ...

 [[  0  66 179]
  [  0  68 182]
  [  0  70 185]
  ...
  [  0  43 148]
  [  0  39 143]
  [  0  41 143]]

 [[  0  73 186]
  [  0  65 180]
  [  0  65 181]
  ...
  [  0  38 143]
  [  0  38 141]
  [  0  38 141]]

 [[  0  63 181]
  [  0  72 189]
  [  1  81 197]
  ...
  [  0  31 136]
  [  0  35 141]
  [  0  36 142]]]